534
1371
1764
540
1378
1770
546
1385
1776
552
1224
1782
558
1231
1788
564
1238
1794
570
1245
1800
576
1252
1806
582
1259
1812
588
1266
1818
594
1273
1680
600
1280
1686
606
1287
1692
612
1294
1698
618
1301
1704
480
1308
1710
486
1315
1716
492
1322
1722
498
1329
1728
504
1336
1734
510
1343
1740
516
1350
1746
522
1357
1752
528
1364
1758
6
270
1212
12
277
1218
18
284
1080
24
291
1086
30
298
1092
36
305
1098
42
144
1104
48
151
1110
54
158
1116
60
165
1122
66
172
1128
72
179
1134
78
186
1140
84
193
1146
90
200
1152
96
207
1158
102
214
1164
108
221
1170
114
228
1176
120
235
1182
126
242
1188
132
249
1194
138
256
1200
0
263
1206
37
559
714
942
1117
1674
43
565
720
948
1123
1536
49
571
726
954
1129
1542
55
577
732
960
1135
1548
61
583
738
966
1141
1554
67
589
744
972
1147
1560
73
595
750
978
1153
1566
79
601
756
984
1159
1572
85
607
762
990
1165
1578
91
613
624
996
1171
1584
97
619
630
1002
1177
1590
103
481
636
1008
1183
1596
109
487
642
1014
1189
1602
115
493
648
1020
1195
1608
121
499
654
1026
1201
1614
127
505
660
1032
1207
1620
133
511
666
1038
1213
1626
139
517
672
1044
1219
1632
1
523
678
1050
1081
1638
7
529
684
1056
1087
1644
13
535
690
1062
1093
1650
19
541
696
1068
1099
1656
25
547
702
1074
1105
1662
31
553
708
936
1111
1668
438
1003
1585
445
1009
1591
452
1015
1597
459
1021
1603
466
1027
1609
473
1033
1615
312
1039
1621
319
1045
1627
326
1051
1633
333
1057
1639
340
1063
1645
347
1069
1651
354
1075
1657
361
937
1663
368
943
1669
375
949
1675
382
955
1537
389
961
1543
396
967
1549
403
973
1555
410
979
1561
417
985
1567
424
991
1573
431
997
1579
446
859
1253
453
866
1260
460
873
1267
467
880
1274
474
887
1281
313
894
1288
320
901
1295
327
908
1302
334
915
1309
341
922
1316
348
929
1323
355
768
1330
362
775
1337
369
782
1344
376
789
1351
383
796
1358
390
803
1365
397
810
1372
404
817
1379
411
824
1386
418
831
1225
425
838
1232
432
845
1239
439
852
1246
278
342
867
1352
1398
1729
285
349
874
1359
1404
1735
292
356
881
1366
1410
1741
299
363
888
1373
1416
1747
306
370
895
1380
1422
1753
145
377
902
1387
1428
1759
152
384
909
1226
1434
1765
159
391
916
1233
1440
1771
166
398
923
1240
1446
1777
173
405
930
1247
1452
1783
180
412
769
1254
1458
1789
187
419
776
1261
1464
1795
194
426
783
1268
1470
1801
201
433
790
1275
1476
1807
208
440
797
1282
1482
1813
215
447
804
1289
1488
1819
222
454
811
1296
1494
1681
229
461
818
1303
1500
1687
236
468
825
1310
1506
1693
243
475
832
1317
1512
1699
250
314
839
1324
1518
1705
257
321
846
1331
1524
1711
264
328
853
1338
1530
1717
271
335
860
1345
1392
1723
181
643
1082
188
649
1088
195
655
1094
202
661
1100
209
667
1106
216
673
1112
223
679
1118
230
685
1124
237
691
1130
244
697
1136
251
703
1142
258
709
1148
265
715
1154
272
721
1160
279
727
1166
286
733
1172
293
739
1178
300
745
1184
307
751
1190
146
757
1196
153
763
1202
160
625
1208
167
631
1214
174
637
1220
301
427
798
1325
1453
1766
308
434
805
1332
1459
1772
147
441
812
1339
1465
1778
154
448
819
1346
1471
1784
161
455
826
1353
1477
1790
168
462
833
1360
1483
1796
175
469
840
1367
1489
1802
182
476
847
1374
1495
1808
189
315
854
1381
1501
1814
196
322
861
1388
1507
1820
203
329
868
1227
1513
1682
210
336
875
1234
1519
1688
217
343
882
1241
1525
1694
224
350
889
1248
1531
1700
231
357
896
1255
1393
1706
238
364
903
1262
1399
1712
245
371
910
1269
1405
1718
252
378
917
1276
1411
1724
259
385
924
1283
1417
1730
266
392
931
1290
1423
1736
273
399
770
1297
1429
1742
280
406
777
1304
1435
1748
287
413
784
1311
1441
1754
294
420
791
1318
1447
1760
68
530
1628
74
536
1634
80
542
1640
86
548
1646
92
554
1652
98
560
1658
104
566
1664
110
572
1670
116
578
1676
122
584
1538
128
590
1544
134
596
1550
140
602
1556
2
608
1562
8
614
1568
14
620
1574
20
482
1580
26
488
1586
32
494
1592
38
500
1598
44
506
1604
50
512
1610
56
518
1616
62
524
1622
27
591
710
1064
1161
1611
33
597
716
1070
1167
1617
39
603
722
1076
1173
1623
45
609
728
938
1179
1629
51
615
734
944
1185
1635
57
621
740
950
1191
1641
63
483
746
956
1197
1647
69
489
752
962
1203
1653
75
495
758
968
1209
1659
81
501
764
974
1215
1665
87
507
626
980
1221
1671
93
513
632
986
1083
1677
99
519
638
992
1089
1539
105
525
644
998
1095
1545
111
531
650
1004
1101
1551
117
537
656
1010
1107
1557
123
543
662
1016
1113
1563
129
549
668
1022
1119
1569
135
555
674
1028
1125
1575
141
561
680
1034
1131
1581
3
567
686
1040
1137
1587
9
573
692
1046
1143
1593
15
579
698
1052
1149
1599
21
585
704
1058
1155
1605
663
1059
1436
669
1065
1442
675
1071
1448
681
1077
1454
687
939
1460
693
945
1466
699
951
1472
705
957
1478
711
963
1484
717
969
1490
723
975
1496
729
981
1502
735
987
1508
741
993
1514
747
999
1520
753
1005
1526
759
1011
1532
765
1017
1394
627
1023
1400
633
1029
1406
639
1035
1412
645
1041
1418
651
1047
1424
657
1053
1430
295
316
806
1312
1431
1791
302
323
813
1319
1437
1797
309
330
820
1326
1443
1803
148
337
827
1333
1449
1809
155
344
834
1340
1455
1815
162
351
841
1347
1461
1821
169
358
848
1354
1467
1683
176
365
855
1361
1473
1689
183
372
862
1368
1479
1695
190
379
869
1375
1485
1701
197
386
876
1382
1491
1707
204
393
883
1389
1497
1713
211
400
890
1228
1503
1719
218
407
897
1235
1509
1725
225
414
904
1242
1515
1731
232
421
911
1249
1521
1737
239
428
918
1256
1527
1743
246
435
925
1263
1533
1749
253
442
932
1270
1395
1755
260
449
771
1277
1401
1761
267
456
778
1284
1407
1767
274
463
785
1291
1413
1773
281
470
792
1298
1419
1779
288
477
799
1305
1425
1785
142
772
1822
4
779
1684
10
786
1690
16
793
1696
22
800
1702
28
807
1708
34
814
1714
40
821
1720
46
828
1726
52
835
1732
58
842
1738
64
849
1744
70
856
1750
76
863
1756
82
870
1762
88
877
1768
94
884
1774
100
891
1780
106
898
1786
112
905
1792
118
912
1798
124
919
1804
130
926
1810
136
933
1816
5
149
11
156
17
163
23
170
29
177
35
184
41
191
47
198
53
205
59
212
65
219
71
226
77
233
83
240
89
247
95
254
101
261
107
268
113
275
119
282
125
289
131
296
137
303
143
310
150
317
157
324
164
331
171
338
178
345
185
352
192
359
199
366
206
373
213
380
220
387
227
394
234
401
241
408
248
415
255
422
262
429
269
436
276
443
283
450
290
457
297
464
304
471
311
478
318
484
325
490
332
496
339
502
346
508
353
514
360
520
367
526
374
532
381
538
388
544
395
550
402
556
409
562
416
568
423
574
430
580
437
586
444
592
451
598
458
604
465
610
472
616
479
622
485
628
491
634
497
640
503
646
509
652
515
658
521
664
527
670
533
676
539
682
545
688
551
694
557
700
563
706
569
712
575
718
581
724
587
730
593
736
599
742
605
748
611
754
617
760
623
766
629
773
635
780
641
787
647
794
653
801
659
808
665
815
671
822
677
829
683
836
689
843
695
850
701
857
707
864
713
871
719
878
725
885
731
892
737
899
743
906
749
913
755
920
761
927
767
934
774
940
781
946
788
952
795
958
802
964
809
970
816
976
823
982
830
988
837
994
844
1000
851
1006
858
1012
865
1018
872
1024
879
1030
886
1036
893
1042
900
1048
907
1054
914
1060
921
1066
928
1072
935
1078
941
1084
947
1090
953
1096
959
1102
965
1108
971
1114
977
1120
983
1126
989
1132
995
1138
1001
1144
1007
1150
1013
1156
1019
1162
1025
1168
1031
1174
1037
1180
1043
1186
1049
1192
1055
1198
1061
1204
1067
1210
1073
1216
1079
1222
1085
1229
1091
1236
1097
1243
1103
1250
1109
1257
1115
1264
1121
1271
1127
1278
1133
1285
1139
1292
1145
1299
1151
1306
1157
1313
1163
1320
1169
1327
1175
1334
1181
1341
1187
1348
1193
1355
1199
1362
1205
1369
1211
1376
1217
1383
1223
1390
1230
1396
1237
1402
1244
1408
1251
1414
1258
1420
1265
1426
1272
1432
1279
1438
1286
1444
1293
1450
1300
1456
1307
1462
1314
1468
1321
1474
1328
1480
1335
1486
1342
1492
1349
1498
1356
1504
1363
1510
1370
1516
1377
1522
1384
1528
1391
1534
1397
1540
1403
1546
1409
1552
1415
1558
1421
1564
1427
1570
1433
1576
1439
1582
1445
1588
1451
1594
1457
1600
1463
1606
1469
1612
1475
1618
1481
1624
1487
1630
1493
1636
1499
1642
1505
1648
1511
1654
1517
1660
1523
1666
1529
1672
1535
1678
1541
1685
1547
1691
1553
1697
1559
1703
1565
1709
1571
1715
1577
1721
1583
1727
1589
1733
1595
1739
1601
1745
1607
1751
1613
1757
1619
1763
1625
1769
1631
1775
1637
1781
1643
1787
1649
1793
1655
1799
1661
1805
1667
1811
1673
1817
1679
1823
