1.954576e+155
1.862424e+155
2.341784e+155
2.192236e+155
1.477275e+155
2.189852e+155
1.784646e+155
2.178892e+155
2.147426e+155
1.626858e+155
2.297633e+155
1.980216e+155
2.001289e+155
1.692995e+155
1.955667e+155
2.447233e+155
1.542830e+155
2.382198e+155
-1.906825e+155
2.208236e+155
2.279930e+155
1.188533e+155
2.529357e+155
2.140186e+155
-2.128686e+155
2.448169e+155
-2.095219e+155
-1.792506e+155
2.594211e+155
1.807309e+155
-2.402762e+155
-2.036518e+155
2.255462e+155
2.566169e+155
2.349378e+155
2.752896e+155
7.812261e+154
2.277484e+155
2.297745e+155
2.111247e+155
2.146151e+155
-1.800771e+155
2.622356e+155
1.555570e+155
1.199151e+155
1.725613e+155
1.928904e+155
1.822758e+155
2.914943e+155
-4.503866e+155
3.979629e+155
3.727379e+155
3.586050e+155
3.449919e+155
4.292695e+155
3.402961e+155
3.646208e+155
3.131197e+155
3.767008e+155
3.942425e+155
2.820610e+155
4.497426e+155
3.621559e+155
3.469802e+155
4.032161e+155
3.303799e+155
4.209755e+155
3.263049e+155
4.226824e+155
4.344915e+155
3.608918e+155
4.716213e+155
1.892314e+155
2.331395e+155
1.323964e+155
1.676243e+155
1.934395e+155
1.889222e+155
2.103425e+155
4.543032e+154
2.291688e+155
1.910468e+155
1.490957e+155
-2.545337e+155
1.640326e+155
2.133820e+155
2.163083e+155
2.113483e+155
2.247480e+155
2.040411e+155
2.175419e+155
1.579899e+155
2.094283e+155
1.778650e+155
2.008530e+155
1.206106e+155
1.872217e+155
1.573718e+155
1.316763e+155
-2.080428e+155
1.842876e+155
1.458751e+155
9.123957e+154
1.826841e+155
2.029790e+155
-1.956740e+155
2.160139e+155
1.320099e+155
2.016206e+155
2.162702e+155
1.631767e+155
1.885542e+155
2.021676e+155
1.604472e+155
1.877450e+155
1.947089e+155
1.762853e+155
1.372329e+155
1.862272e+155
1.907929e+155
3.864356e+155
3.754231e+155
3.672079e+155
3.939351e+155
3.775060e+155
3.942216e+155
3.806180e+155
3.954333e+155
4.812675e+155
3.274648e+155
4.153436e+155
3.466857e+155
4.287998e+155
4.374735e+155
3.795183e+155
4.616381e+155
-3.437269e+155
3.754456e+155
4.296943e+155
3.713085e+155
3.133763e+155
3.664159e+155
4.355325e+155
4.115509e+155
-2.497980e+155
1.408900e+155
2.367730e+155
2.012387e+155
2.190304e+155
2.220030e+155
2.011416e+155
1.809526e+155
1.778246e+155
2.032989e+155
6.724895e+154
1.931299e+155
1.701996e+155
-1.763398e+155
2.165694e+155
8.667711e+154
1.806586e+155
1.751965e+155
9.572151e+154
-2.086740e+155
1.478035e+155
1.935278e+155
1.979606e+155
2.044765e+155
3.930994e+155
3.194750e+155
4.348622e+155
3.888916e+155
3.580949e+155
-3.901034e+155
3.811956e+155
3.947446e+155
3.952651e+155
3.629897e+155
4.715096e+155
3.626511e+155
4.527154e+155
4.458749e+155
3.704803e+155
3.818335e+155
3.715795e+155
3.692906e+155
4.557334e+155
3.952136e+155
3.604446e+155
3.412869e+155
4.386059e+155
3.600823e+155
1.889067e+155
2.664142e+155
1.497226e+155
1.916392e+155
2.241805e+155
1.877685e+155
1.821382e+155
1.942397e+155
2.413049e+155
2.084785e+155
1.556261e+155
2.222478e+155
1.798047e+155
2.087569e+155
-2.215003e+155
2.108097e+155
2.235808e+155
1.914222e+155
2.722532e+155
1.897788e+155
2.164907e+155
2.703219e+155
1.954202e+155
2.640775e+155
3.497788e+155
4.231591e+155
3.306718e+155
3.685793e+155
3.837523e+155
3.271631e+155
3.800806e+155
3.512975e+155
4.296410e+155
3.485110e+155
4.182806e+155
3.987035e+155
4.068054e+155
3.532060e+155
4.103848e+155
4.696717e+155
3.384387e+155
3.866234e+155
3.938153e+155
3.777810e+155
3.848164e+155
2.448136e+155
4.000911e+155
3.698653e+155
1.504025e+155
1.939877e+155
2.255124e+155
1.553690e+155
1.582599e+155
1.938530e+155
2.073698e+155
1.778260e+155
-1.441317e+155
1.788406e+155
-1.790482e+155
1.601333e+155
1.693909e+155
1.865624e+155
7.405004e+154
1.869569e+155
2.152212e+155
1.754687e+155
1.907346e+155
1.237939e+155
2.171045e+155
2.082168e+155
1.079068e+155
1.907303e+155
3.930932e+155
3.609523e+155
4.321899e+155
4.128081e+155
3.906551e+155
3.930794e+155
3.947103e+155
4.466108e+155
4.431574e+155
3.125739e+155
4.390925e+155
4.497302e+155
3.944648e+155
3.426453e+155
3.989984e+155
3.449205e+155
3.787677e+155
3.721108e+155
3.731727e+155
4.229278e+155
3.658600e+155
3.761916e+155
4.337075e+155
3.236026e+155
2.083043e+155
2.193344e+155
-2.311573e+155
2.534982e+155
2.309868e+155
2.413668e+155
2.569935e+155
2.068875e+155
2.642314e+155
-2.508230e+155
1.821968e+155
2.460709e+155
2.205864e+155
2.472723e+155
1.766579e+155
1.930978e+155
1.891101e+155
2.471430e+155
1.375343e+155
1.781067e+155
2.419731e+155
1.774105e+155
2.095468e+155
2.311993e+155
1.665360e+155
-1.537642e+155
1.946844e+155
-1.925484e+155
-1.617006e+155
2.319587e+155
1.285855e+155
1.999964e+155
1.895612e+155
1.682845e+155
2.058233e+155
1.739717e+155
2.063184e+155
7.496283e+154
1.540522e+155
1.264561e+155
1.682313e+155
1.307020e+155
-1.477730e+155
2.111140e+155
1.187088e+155
1.101901e+155
1.639067e+155
1.368057e+155
1.524936e+155
9.627516e+154
1.804299e+155
1.776787e+155
-1.460076e+155
-2.097080e+155
8.064938e+154
1.855928e+155
1.776107e+155
1.571231e+155
1.678314e+155
1.609863e+155
1.675605e+155
7.235672e+154
1.183007e+155
6.492918e+154
1.509310e+155
1.247013e+155
-1.188301e+155
1.835704e+155
-8.259145e+154
-1.017846e+155
1.571480e+155
9.613241e+154
1.401556e+155
5.518498e+154
1.690786e+155
1.650857e+155
1.319538e+155
1.900531e+155
8.386463e+154
1.730750e+155
1.678884e+155
1.485576e+155
1.317195e+155
1.498357e+155
1.560318e+155
7.025304e+154
1.181310e+155
6.280193e+154
1.357229e+155
1.194387e+155
-9.108153e+154
1.582520e+155
7.904228e+154
9.460592e+154
-1.524265e+155
9.760712e+154
1.361369e+155
6.497417e+154
1.593099e+155
-1.549120e+155
1.193226e+155
1.727948e+155
8.785428e+154
1.622501e+155
1.604871e+155
1.424599e+155
9.711852e+154
1.404167e+155
1.535589e+155
6.858074e+154
-1.194416e+155
6.081404e+154
1.361180e+155
1.189309e+155
-6.430498e+154
1.347203e+155
7.615485e+154
8.858011e+154
1.498558e+155
1.001195e+155
1.335239e+155
7.504695e+154
1.509507e+155
1.472717e+155
1.143652e+155
1.577261e+155
9.268921e+154
1.529372e+155
1.554914e+155
1.387262e+155
6.366556e+154
1.326371e+155
1.530730e+155
7.751685e+154
1.222926e+155
5.890109e+154
-1.384616e+155
1.190297e+155
-3.825305e+154
1.125304e+155
8.180307e+154
8.364901e+154
-1.495182e+155
1.036701e+155
1.384251e+155
8.566440e+154
-1.438192e+155
1.422532e+155
1.218975e+155
1.446349e+155
-9.842829e+154
1.449684e+155
1.529685e+155
1.372719e+155
3.100386e+154
1.264173e+155
1.546114e+155
8.828881e+154
1.267677e+155
5.699287e+154
1.427655e+155
1.197088e+155
-1.265573e+154
1.041758e+155
9.065521e+154
7.976645e+154
1.514609e+155
1.082869e+155
1.458064e+155
9.708831e+154
1.377273e+155
1.399212e+155
-1.305781e+155
1.333088e+155
1.051210e+155
1.381906e+155
1.529628e+155
1.380248e+155
-1.216925e+153
1.216904e+155
1.582045e+155
9.981996e+154
1.329696e+155
5.501925e+154
1.490114e+155
1.209703e+155
1.277466e+154
1.180165e+155
1.008076e+155
7.689510e+154
-1.556930e+155
1.140247e+155
1.543291e+155
-1.095712e+155
1.324843e+155
1.403187e+155
1.405072e+155
-1.235401e+155
1.128099e+155
-1.324684e+155
1.554943e+155
1.409170e+155
-3.333978e+154
1.184016e+155
1.638753e+155
-1.123475e+155
1.410107e+155
-5.291648e+154
1.571537e+155
1.228409e+155
3.833643e+154
-1.332068e+155
1.124639e+155
7.500352e+154
1.621830e+155
1.209609e+155
1.641623e+155
-1.233488e+155
1.279007e+155
1.434676e+155
1.518090e+155
-1.151324e+155
1.215332e+155
1.276869e+155
1.605608e+155
1.476101e+155
6.569850e+154
1.165071e+155
1.716378e+155
1.260928e+155
1.509961e+155
5.063384e+154
1.671247e+155
1.253675e+155
6.432985e+154
1.501889e+155
1.258205e+155
7.406381e+154
1.708566e+155
1.291901e+155
1.808162e+155
-1.386360e+155
1.479935e+155
1.493679e+155
1.646320e+155
-1.420980e+155
1.313275e+155
1.237553e+155
1.681405e+155
1.565812e+155
9.861507e+154
1.159715e+155
1.814956e+155
1.412632e+155
1.630014e+155
4.814024e+154
1.873449e+155
1.286113e+155
9.104740e+154
1.709902e+155
1.410440e+155
1.173933e+155
1.815957e+155
1.388172e+155
-1.991421e+155
-1.671968e+155
1.732008e+155
1.579956e+155
1.791504e+155
1.922999e+155
1.422304e+155
1.786079e+155
1.781966e+155
1.680384e+155
1.625385e+155
1.167640e+155
2.132279e+155
1.580554e+155
1.770495e+155
1.153460e+155
2.095997e+155
1.326426e+155
1.187639e+155
-1.939474e+155
1.582375e+155
1.623312e+155
1.972368e+155
1.499489e+155
